9.999357531242520913e-01 2.568592573131338688e-04 1.133241576878463511e-02 -7.309410709038788312e-02 -2.111999624387932617e-04 9.999918568099291916e-01 -4.030100297249302431e-03 -1.743127685679970451e-01 -1.133335865533831657e-02 4.027447970111545754e-03 9.999276647060213463e-01 -2.684258898952158745e-01 0.000000000000000000e+00 0.000000000000000000e+00 0.000000000000000000e+00 1.000000000000000000e+00
9.999345026937439540e-01 3.357132895106967798e-03 1.094166264054983496e-02 1.688961350150020024e-02 -3.086550609546650972e-03 9.996912963631673366e-01 -2.465329959791736844e-02 4.203875081307772987e-02 -1.102104931255279592e-02 2.461791287771073963e-02 9.996361812367515753e-01 -4.800779119755773650e-01 0.000000000000000000e+00 0.000000000000000000e+00 0.000000000000000000e+00 1.000000000000000000e+00
9.999787403140559805e-01 1.645503834337554323e-03 6.309614651070120407e-03 -3.759774343201360836e-02 -1.600530157866802278e-03 9.999733271649254851e-01 -7.126237571297417035e-03 -3.923613711523431247e-02 -6.321172607007118950e-03 7.115987341191132472e-03 9.999547017245493663e-01 -3.252007943869870132e-01 0.000000000000000000e+00 0.000000000000000000e+00 0.000000000000000000e+00 1.000000000000000000e+00
9.999566187783063276e-01 7.489832955477653681e-03 5.537414898298541506e-03 -2.528653835912386683e-02 -7.477977634290967207e-03 9.999697097704347559e-01 -2.158562515571039141e-03 -7.760577421165093526e-02 -5.553414441395656577e-03 2.117060209730745393e-03 9.999823386660938729e-01 -3.406654513072631119e-01 0.000000000000000000e+00 0.000000000000000000e+00 0.000000000000000000e+00 1.000000000000000000e+00
9.999855525926540922e-01 -2.815555601052050980e-03 -4.579001269017623360e-03 1.688391249381675507e-01 2.831180051709175118e-03 9.999901804939943517e-01 3.409301263227380863e-03 -1.444654095601544119e-01 4.569357228219808956e-03 -3.422215984712860017e-03 9.999837045733669383e-01 -8.563563051283651362e-02 0.000000000000000000e+00 0.000000000000000000e+00 0.000000000000000000e+00 1.000000000000000000e+00
9.999507210845489658e-01 -1.344558832148999702e-03 9.836033958740372785e-03 -4.762743918548872912e-02 1.386254550799736291e-03 9.999900778832998549e-01 -4.233489491216583037e-03 -5.469754774572099798e-02 -9.830244188777342851e-03 4.246916116283007414e-03 9.999426633575998480e-01 -3.249500901829591726e-01 0.000000000000000000e+00 0.000000000000000000e+00 0.000000000000000000e+00 1.000000000000000000e+00
9.999556441534686035e-01 1.893868652159581703e-03 9.226211961034826159e-03 -5.024854492358343805e-02 -1.839558675566984334e-03 9.999809534091284036e-01 -5.891421123108159935e-03 -1.785209565836956003e-01 -9.237193810932034510e-03 5.874187645881431136e-03 9.999400822899341401e-01 -2.768542475212534271e-01 0.000000000000000000e+00 0.000000000000000000e+00 0.000000000000000000e+00 1.000000000000000000e+00
9.999657955347078797e-01 -5.573779342315872323e-04 8.252096126276906030e-03 -9.621789559991533736e-02 6.723989024536849643e-04 9.999025768994315166e-01 -1.394218740343560956e-02 -1.568880274464667934e-03 -8.243521113872498418e-03 1.394725921874872404e-02 9.998687505467556136e-01 -3.194759872296444314e-01 0.000000000000000000e+00 0.000000000000000000e+00 0.000000000000000000e+00 1.000000000000000000e+00
9.999951771739880035e-01 -1.949161952739555037e-03 -2.417932266694776313e-03 8.107585965209107570e-03 1.929802320276220685e-03 9.999662704384948420e-01 -7.983348190551570536e-03 -3.997312444368406048e-02 2.433411549448166993e-03 7.978643556953714591e-03 9.999652092724137242e-01 -2.942744602184426128e-01 0.000000000000000000e+00 0.000000000000000000e+00 0.000000000000000000e+00 1.000000000000000000e+00
9.999816367628856506e-01 -4.781596441208881866e-03 -3.723234144349964452e-03 -9.757601753562106239e-03 4.768726931249357183e-03 9.999826513495871927e-01 -3.457780112314558837e-03 -1.413683094815971764e-01 3.739703260341915598e-03 3.439961529342957982e-03 9.999870905587737724e-01 -7.854063780980737874e-01 0.000000000000000000e+00 0.000000000000000000e+00 0.000000000000000000e+00 1.000000000000000000e+00
9.999783415455303359e-01 4.718234057526948452e-03 -4.588540860558357540e-03 -1.503680729273559891e-02 -4.686057086084690140e-03 9.999645330200247484e-01 6.998111961795729433e-03 -1.111686993539118262e-02 4.621396849068070897e-03 -6.976458229092022748e-03 9.999649852478541545e-01 -2.445774035733840890e-01 0.000000000000000000e+00 0.000000000000000000e+00 0.000000000000000000e+00 1.000000000000000000e+00
9.999981720365984650e-01 1.457139693565792779e-03 -1.238009440622682856e-03 6.143952109370909298e-02 -1.459196864907890594e-03 9.999975535798774073e-01 -1.662401506781641591e-03 -3.054619412776826692e-02 1.235584060709300075e-03 1.664204967467011525e-03 9.999978518746203138e-01 -3.247043043758708336e-01 0.000000000000000000e+00 0.000000000000000000e+00 0.000000000000000000e+00 1.000000000000000000e+00
9.999994042557877050e-01 1.072039597411249268e-03 2.054730424314643914e-04 1.135897256139895006e-02 -1.071583167157553942e-03 9.999969865668697500e-01 -2.208747766396857055e-03 2.998304285646172240e-02 -2.078402883184620300e-04 2.208526269094584875e-03 9.999975396040398090e-01 -2.402305630213632526e-01 0.000000000000000000e+00 0.000000000000000000e+00 0.000000000000000000e+00 1.000000000000000000e+00
9.999976844197324688e-01 6.224028790886097220e-04 2.060041220269015570e-03 -2.221912045708163141e-02 -6.243771651921081094e-04 9.999993463209991829e-01 9.578678039702451371e-04 -1.049816199893887081e-01 -2.059443693984351533e-03 -9.591518286477498023e-04 9.999974193563906377e-01 -1.830531416746090656e-01 0.000000000000000000e+00 0.000000000000000000e+00 0.000000000000000000e+00 1.000000000000000000e+00
9.999042414796636136e-01 -9.749450135648729879e-03 -9.821206292049647346e-03 1.120608487100778206e-01 9.705755878313180804e-03 9.999428315938798661e-01 -4.486852665753816166e-03 -3.569923423680010366e-03 9.864389175670524451e-03 4.391100780680388602e-03 9.999417043308699293e-01 -3.502392580722641924e-01 0.000000000000000000e+00 0.000000000000000000e+00 0.000000000000000000e+00 1.000000000000000000e+00
9.999867732655033370e-01 -1.451628674148635516e-03 -4.934173511259791478e-03 -2.812662247434305485e-02 1.436481194328370322e-03 9.999942494337820120e-01 -3.072071149145161936e-03 -1.978843758447967893e-02 4.938604643537408342e-03 3.064942668217239107e-03 9.999831080126381222e-01 -1.792054345747793320e-01 0.000000000000000000e+00 0.000000000000000000e+00 0.000000000000000000e+00 1.000000000000000000e+00
9.999238604152973497e-01 -7.386507578435647092e-03 -9.884982446250214355e-03 6.206529237284597045e-02 7.354465717588467080e-03 9.999675961709120209e-01 -3.273903202101823440e-03 -8.381925773450649153e-03 9.908844845781878546e-03 3.200955163951747697e-03 9.999457828701817652e-01 -3.324440471981091605e-01 0.000000000000000000e+00 0.000000000000000000e+00 0.000000000000000000e+00 1.000000000000000000e+00
9.999540638654953462e-01 -3.773981167308974871e-03 -8.810631363847017811e-03 7.862239582128216497e-02 3.794554456110510801e-03 9.999901105774510190e-01 2.319505071562487624e-03 -5.138106585896284884e-02 8.801790463332983400e-03 -2.352830942968368953e-03 9.999584954742838372e-01 -2.181255676658651055e-01 0.000000000000000000e+00 0.000000000000000000e+00 0.000000000000000000e+00 1.000000000000000000e+00
9.999973381899549540e-01 -1.168481618507331799e-03 -1.989538567613544605e-03 -1.783665728303152065e-02 1.167885566187145579e-03 9.999992728025204336e-01 -3.007286727532322438e-04 -1.601206985025162288e-02 1.989888516752382625e-03 2.984043188941417225e-04 9.999979756472276993e-01 -1.847850553562935261e-01 0.000000000000000000e+00 0.000000000000000000e+00 0.000000000000000000e+00 1.000000000000000000e+00
9.999727863466204569e-01 -4.607800394729183045e-04 7.363032522774037858e-03 1.607997831475076467e-01 5.468979856498865436e-04 9.999314234676257573e-01 -1.169825904145207519e-02 1.237564960758671950e-01 -7.357137267272982964e-03 1.170196751674035772e-02 9.999044636801396324e-01 -3.137668489321825405e-01 0.000000000000000000e+00 0.000000000000000000e+00 0.000000000000000000e+00 1.000000000000000000e+00
9.997087090533847142e-01 1.067314875251213629e-02 2.164673043491439214e-02 -1.664122567536852060e-01 -1.049881398056669302e-02 9.999116612772857016e-01 -8.151352446069480562e-03 4.764857981749336113e-02 -2.173181878758788377e-02 7.921713034775630657e-03 9.997324514662800921e-01 -2.198669502905765682e-01 0.000000000000000000e+00 0.000000000000000000e+00 0.000000000000000000e+00 1.000000000000000000e+00
9.998785365863372965e-01 8.506244705278106361e-03 1.305970424544604554e-02 -4.050325377217189882e-02 -8.402933306842507583e-03 9.999331292481916655e-01 -7.945296958581723676e-03 3.104989162059718089e-02 -1.312641557339055444e-02 7.834592071908999186e-03 9.998831513638288815e-01 -1.731540786020246969e-01 0.000000000000000000e+00 0.000000000000000000e+00 0.000000000000000000e+00 1.000000000000000000e+00
9.999041806064199456e-01 6.720393911317196906e-03 1.210231017122739491e-02 -1.173156924799148015e-01 -6.758850148784386128e-03 9.999722303491721531e-01 3.139502375943899887e-03 -6.906589675767904613e-02 -1.208087540164786908e-02 -3.220999251631529413e-03 9.999218357518505629e-01 -3.404161692907727854e-01 0.000000000000000000e+00 0.000000000000000000e+00 0.000000000000000000e+00 1.000000000000000000e+00
9.999888755025869713e-01 -4.192395907636735104e-04 -4.698202766722022090e-03 8.527755405085990503e-02 4.535527074384061112e-04 9.999732169398981574e-01 7.304771920670712244e-03 -1.447666687424018495e-01 4.695014484884306276e-03 -7.306821541339319527e-03 9.999622828876846281e-01 -2.586767949060302385e-01 0.000000000000000000e+00 0.000000000000000000e+00 0.000000000000000000e+00 1.000000000000000000e+00
9.999973747047556927e-01 2.284815583428113916e-03 1.737853453926428758e-04 -1.405594271750620905e-02 -2.282981527327172279e-03 9.999483044599269954e-01 -9.908400630934878495e-03 7.662721684266293742e-02 -1.964152296337650153e-04 9.907977869724571979e-03 9.999508954921689785e-01 9.161917252267670619e-03 0.000000000000000000e+00 0.000000000000000000e+00 0.000000000000000000e+00 1.000000000000000000e+00
9.999567455953426443e-01 -5.414977025424217924e-03 -7.562073934130070924e-03 6.554304841072577936e-02 5.403690797993802170e-03 9.999842566959064039e-01 -1.512113122467092282e-03 -4.660783809739532657e-02 7.570142939918549432e-03 1.471184607582597895e-03 9.999702638337399918e-01 -9.612780230037998308e-02 0.000000000000000000e+00 0.000000000000000000e+00 0.000000000000000000e+00 1.000000000000000000e+00
9.999418351369736557e-01 1.078412932161203382e-02 -1.699931647207643555e-04 -4.615800817913795484e-03 -1.078489962277815080e-02 9.996028784371523424e-01 -2.603404233472651069e-02 -5.251716354794044861e-02 -1.108288225324960700e-04 2.603436142743816017e-02 9.996610424248999482e-01 -2.021640229150669654e-01 0.000000000000000000e+00 0.000000000000000000e+00 0.000000000000000000e+00 1.000000000000000000e+00
9.999628904056327983e-01 8.574128324677222912e-03 -8.379350119918598091e-04 1.084729383874756259e-01 -8.592507035298017209e-03 9.996461741488502639e-01 -2.517330594925464710e-02 1.090422596057119831e-01 6.217993733577637872e-04 2.517957174056765363e-02 9.996827509427682612e-01 -3.039059248267328428e-02 0.000000000000000000e+00 0.000000000000000000e+00 0.000000000000000000e+00 1.000000000000000000e+00
9.997934317375393176e-01 2.124010248223269590e-03 2.021342214816004498e-02 -2.668629440192793467e-02 -1.759259304146669435e-03 9.998356154865594148e-01 -1.804569232015380137e-02 1.242005514834203517e-01 -2.024842861001954417e-02 1.800640400186353379e-02 9.996328178655133900e-01 -1.125619481375892406e-01 0.000000000000000000e+00 0.000000000000000000e+00 0.000000000000000000e+00 1.000000000000000000e+00
9.999140417994782926e-01 -1.758358470097408713e-03 1.299296685602406402e-02 -1.226173174652851472e-01 1.745338952053702725e-03 9.999979634906338566e-01 1.013314624113519948e-03 -4.870734434158818793e-02 -1.299472216607754950e-02 -9.905503902553074343e-04 9.999150743966963573e-01 -1.241032085011344321e-01 0.000000000000000000e+00 0.000000000000000000e+00 0.000000000000000000e+00 1.000000000000000000e+00
9.999750600963397407e-01 6.987862479108395385e-03 1.024189091355574366e-03 -6.128878564602269208e-02 -6.980179290851211589e-03 9.999488273010220807e-01 -7.322559414453425758e-03 7.767417910904211853e-03 -1.075305719018806875e-03 7.315227767041685911e-03 9.999726652065680232e-01 -5.971812554195565781e-02 0.000000000000000000e+00 0.000000000000000000e+00 0.000000000000000000e+00 1.000000000000000000e+00
9.999984345234186334e-01 1.430258854927454358e-03 -1.041782280452748042e-03 1.548248944104413383e-02 -1.433230805267835884e-03 9.999948899224860854e-01 -2.857617604553849486e-03 4.068169571023344533e-02 1.037689823981632550e-03 2.859106245477137896e-03 9.999953743449547794e-01 4.504826349004709130e-02 0.000000000000000000e+00 0.000000000000000000e+00 0.000000000000000000e+00 1.000000000000000000e+00
9.999860847355951377e-01 8.975895702445220274e-04 5.198525573526219419e-03 1.661473073224173369e-02 -8.959809983901739164e-04 9.999995500151676042e-01 -3.117491185199195726e-04 1.793353061258795567e-02 -5.198803057025876313e-03 3.070870003149825194e-04 9.999864389802236575e-01 9.369734912576532793e-02 0.000000000000000000e+00 0.000000000000000000e+00 0.000000000000000000e+00 1.000000000000000000e+00
9.999716268930936014e-01 -4.108979737596794857e-03 6.313611826488784752e-03 -7.959210929074478358e-03 4.104920316333649996e-03 9.999913597486204120e-01 6.557875431785747250e-04 4.330229084361653102e-02 -6.316251893022580520e-03 -6.298520629925059323e-04 9.999798539212690907e-01 3.589658511304882893e-02 0.000000000000000000e+00 0.000000000000000000e+00 0.000000000000000000e+00 1.000000000000000000e+00
9.999511358588075716e-01 -4.416903768365077095e-03 8.844029386067845874e-03 -6.713870598352822405e-02 4.331888818657738706e-03 9.999444504852383897e-01 9.608885629325809516e-03 -2.227739793072003316e-02 -8.885979627672868988e-03 -9.570104747372328372e-03 9.999147225944725603e-01 7.677838396860536818e-02 0.000000000000000000e+00 0.000000000000000000e+00 0.000000000000000000e+00 1.000000000000000000e+00
9.999809436726933010e-01 -4.303760808902175501e-03 4.426051781169238093e-03 -2.560408090901455935e-02 4.271876226961196336e-03 9.999650395216301835e-01 7.188240953543581155e-03 6.838953975271744312e-02 -4.456833513982484500e-03 -7.169196426687934193e-03 9.999643689940278524e-01 1.621989774767129688e-01 0.000000000000000000e+00 0.000000000000000000e+00 0.000000000000000000e+00 1.000000000000000000e+00
9.999966838339432451e-01 8.114558218290741562e-05 2.574050603821194470e-03 2.505384308277136540e-02 -1.088688926127157720e-04 9.999419744618507355e-01 1.077199410042473972e-02 -2.544054743392698548e-03 -2.573027143417134805e-03 -1.077223861274230650e-02 9.999386673224460731e-01 2.033657291123436295e-01 0.000000000000000000e+00 0.000000000000000000e+00 0.000000000000000000e+00 1.000000000000000000e+00
9.999194876059621651e-01 7.544546888553138250e-03 1.020284852756422195e-02 -3.260471517509122563e-02 -7.603381038610086684e-03 9.999546194638101460e-01 5.740000850903654271e-03 2.588695804091162289e-02 -1.015907981126739842e-02 -5.817114854727661009e-03 9.999314747882253052e-01 1.473211543603625273e-01 0.000000000000000000e+00 0.000000000000000000e+00 0.000000000000000000e+00 1.000000000000000000e+00
9.999897249654960962e-01 -3.228184467192214430e-03 3.182575761434357827e-03 8.928478061838607260e-02 3.209562716123287845e-03 9.999778021270142592e-01 5.839003373614749977e-03 4.840092042205168532e-02 -3.201354495016424124e-03 -5.828728701148480455e-03 9.999778883811010211e-01 2.082962596879252004e-01 0.000000000000000000e+00 0.000000000000000000e+00 0.000000000000000000e+00 1.000000000000000000e+00
9.999621113730824407e-01 -1.234292371559207128e-03 8.616979785788674018e-03 -5.526329093453852259e-02 1.189843989060618886e-03 9.999859717309810270e-01 5.161454497258411746e-03 6.050784862388280949e-02 -8.623229648390223073e-03 -5.151006075232634866e-03 9.999495522509342926e-01 2.569143754040279504e-01 0.000000000000000000e+00 0.000000000000000000e+00 0.000000000000000000e+00 1.000000000000000000e+00
9.999766268928402813e-01 1.152071205198401194e-03 6.739317469562258744e-03 -8.254237477983106253e-02 -1.202510889727067362e-03 9.999712629654855522e-01 7.485132648906557204e-03 -1.112854003575625139e-02 -6.730500395771636321e-03 -7.493061800745525955e-03 9.999492759081696214e-01 1.986652971734415019e-01 0.000000000000000000e+00 0.000000000000000000e+00 0.000000000000000000e+00 1.000000000000000000e+00
9.999999022239232094e-01 -2.735146584449740380e-04 3.474793168318072480e-04 -7.266899673193050191e-03 2.718613657533516825e-04 9.999886858605051554e-01 4.749130697063554292e-03 7.361223243429726448e-02 -3.487743422628629538e-04 -4.749035766510542080e-03 9.999886624436031823e-01 2.187745981885420576e-01 0.000000000000000000e+00 0.000000000000000000e+00 0.000000000000000000e+00 1.000000000000000000e+00
9.999765823830111255e-01 -6.820642287053728034e-03 -5.599324825882963288e-04 9.269772502681350446e-03 6.824266722571806915e-03 9.999539416541818326e-01 6.748626079759551151e-03 1.889477309650344772e-02 5.138767286052567732e-04 -6.752289171626628568e-03 9.999770709979557415e-01 2.776577727070819179e-01 0.000000000000000000e+00 0.000000000000000000e+00 0.000000000000000000e+00 1.000000000000000000e+00
9.999481477815329589e-01 -9.200993096710028199e-03 -4.363882940206981198e-03 5.419498419813018053e-02 9.196692912557197577e-03 9.999572050453320315e-01 -1.004448804079122962e-03 2.360075874018674469e-02 4.372938114546708749e-03 9.642634298728641187e-04 9.999899737538793243e-01 2.598249556330110011e-01 0.000000000000000000e+00 0.000000000000000000e+00 0.000000000000000000e+00 1.000000000000000000e+00
9.999433814163047884e-01 -8.211212303387711506e-03 -6.768305122777913338e-03 1.362202556720021329e-01 8.161093498348608380e-03 9.999393195441088622e-01 -7.399579891847305087e-03 2.345341827300706505e-02 6.828653940385289237e-03 7.343924167181547190e-03 9.999497168673978642e-01 4.099588565166172316e-01 0.000000000000000000e+00 0.000000000000000000e+00 0.000000000000000000e+00 1.000000000000000000e+00
9.999657675350318575e-01 -6.058543504846967617e-03 5.635406700017345227e-03 2.213682072305589443e-02 6.247364171817452669e-03 9.993983889007221899e-01 -3.411496304476312885e-02 4.781547896691248911e-01 -5.425329389024725196e-03 3.414900164339711858e-02 9.994020269580105031e-01 4.588136651755618800e-01 0.000000000000000000e+00 0.000000000000000000e+00 0.000000000000000000e+00 1.000000000000000000e+00
9.999408541845319354e-01 -3.937441899888778803e-03 1.013827815724049550e-02 -2.811868158850505672e-02 3.863433492557401868e-03 9.999658244096285564e-01 7.309165097368808608e-03 -1.693560491321799422e-02 -1.016671108850670732e-02 -7.269564227449188884e-03 9.999218926604146462e-01 2.132222535076344627e-01 0.000000000000000000e+00 0.000000000000000000e+00 0.000000000000000000e+00 1.000000000000000000e+00
9.999501465469583517e-01 -5.667956939848279967e-03 8.220625575018427472e-03 -3.807072705267422474e-02 5.619835903451354635e-03 9.999670088918169997e-01 5.865029613826274434e-03 -2.172635679734802316e-03 -8.253597102772854133e-03 -5.818538655092513924e-03 9.999490100714056862e-01 3.166513268028623429e-01 0.000000000000000000e+00 0.000000000000000000e+00 0.000000000000000000e+00 1.000000000000000000e+00
9.999815137214996819e-01 -5.470003516191568847e-03 2.655424032254739657e-03 2.100547586470513650e-02 5.448004986446801194e-03 9.999513569625313458e-01 8.222101340887756279e-03 -2.961560499576221250e-02 -2.700269787609182667e-03 -8.207482581463655322e-03 9.999626721896918147e-01 1.807118238652947184e-01 0.000000000000000000e+00 0.000000000000000000e+00 0.000000000000000000e+00 1.000000000000000000e+00
9.999674800571102251e-01 -7.950528710764133422e-03 -1.352006454181214987e-03 1.771740663743037736e-02 7.959329498388088842e-03 9.999463204709455599e-01 6.633645344235741120e-03 8.003070790242960975e-02 1.299192891345102990e-03 -6.644190683320770965e-03 9.999770831514064318e-01 1.422464111059262848e-01 0.000000000000000000e+00 0.000000000000000000e+00 0.000000000000000000e+00 1.000000000000000000e+00
9.999446577380020074e-01 -7.233647247523946819e-03 -7.639097376543349527e-03 1.579809646355267994e-02 7.359815220094415369e-03 9.998348041298522615e-01 1.661919283677791570e-02 4.554884372200973530e-04 7.517618050685260025e-03 -1.667449543819341656e-02 9.998327093172765245e-01 3.551134649410663258e-01 0.000000000000000000e+00 0.000000000000000000e+00 0.000000000000000000e+00 1.000000000000000000e+00
9.999434478296808093e-01 -4.612968414428309655e-03 -9.582362177349789886e-03 -5.935406585456881601e-03 4.717748768876912566e-03 9.999290157305107396e-01 1.094103956512883918e-02 -6.172241217001972480e-02 9.531211310435700954e-03 -1.098562800296100719e-02 9.998942304005641324e-01 3.002862608827570057e-01 0.000000000000000000e+00 0.000000000000000000e+00 0.000000000000000000e+00 1.000000000000000000e+00
9.998760453460106001e-01 -3.732503876392121063e-03 -1.529582812518411744e-02 5.263498884937911626e-02 3.789495300933052278e-03 9.999859797306845932e-01 3.698657516851294996e-03 1.096255080920998104e-01 1.528180842003530604e-02 -3.756162519842833666e-03 9.998761711204732228e-01 2.520333244861205912e-01 0.000000000000000000e+00 0.000000000000000000e+00 0.000000000000000000e+00 1.000000000000000000e+00
9.999274506548234687e-01 1.022724910171481788e-02 -6.363709826590766699e-03 -9.582725469386677020e-02 -1.016720510924113557e-02 9.999041552000048627e-01 9.397252472464621281e-03 4.312902999444145902e-02 6.459207940002811496e-03 -9.331869564888642388e-03 9.999355953476262160e-01 2.563358824075621101e-01 0.000000000000000000e+00 0.000000000000000000e+00 0.000000000000000000e+00 1.000000000000000000e+00
9.999654216560420750e-01 7.305461579396929216e-05 -8.315657236625398699e-03 3.754818908609269812e-02 -4.033349797686972286e-05 9.999922571219211909e-01 3.934980230493655660e-03 1.198640714780656591e-01 8.315880317974167282e-03 -3.934508765849448718e-03 9.999576819922474380e-01 3.741150904147119149e-01 0.000000000000000000e+00 0.000000000000000000e+00 0.000000000000000000e+00 1.000000000000000000e+00
9.999962580967418635e-01 2.051459597290645597e-03 -1.809780659408244136e-03 -5.071207922593057305e-02 -2.034532840073741394e-03 9.999546311693408018e-01 9.305712176413851247e-03 7.900412832174463773e-03 1.828788844329905933e-03 -9.301995297154240852e-03 9.999550631977691673e-01 1.239668607513841891e-01 0.000000000000000000e+00 0.000000000000000000e+00 0.000000000000000000e+00 1.000000000000000000e+00
9.998206979349156809e-01 -1.083573018088550277e-02 -1.552929272005752412e-02 2.319293293738473594e-01 1.108329402396875801e-02 9.998114356196377006e-01 1.594533780693883560e-02 -1.004321870226068114e-01 1.535358507047923995e-02 -1.611459449214225695e-02 9.997522629480952716e-01 1.276306338339345814e-01 0.000000000000000000e+00 0.000000000000000000e+00 0.000000000000000000e+00 1.000000000000000000e+00
9.998358283498177679e-01 -1.293725193137518041e-02 -1.268636514128298858e-02 1.608327026036691088e-01 1.304807834274344415e-02 9.998770877239026023e-01 8.692358502082726812e-03 3.896411894431039968e-02 1.257235059944879739e-02 -8.856464149491573290e-03 9.998817425291719463e-01 2.652846485357827078e-01 0.000000000000000000e+00 0.000000000000000000e+00 0.000000000000000000e+00 1.000000000000000000e+00
9.999643601680533456e-01 1.549416883432181379e-04 -8.441231353834264400e-03 3.141876696801793045e-02 -8.012220884384715328e-05 9.999607179383337430e-01 8.863191337421331625e-03 -1.066867866858789426e-02 8.442273042693612672e-03 -8.862199124670124342e-03 9.999250919206634780e-01 2.744944850230126576e-01 0.000000000000000000e+00 0.000000000000000000e+00 0.000000000000000000e+00 1.000000000000000000e+00
9.999499218168115267e-01 -9.575220497796503843e-04 -9.961777455694806327e-03 3.204143402497017235e-02 1.017285464565355303e-03 9.999815067707373828e-01 5.995935857661657820e-03 3.229201655669311499e-02 9.955851989467679602e-03 -6.005769563494304381e-03 9.999324035869194827e-01 3.312173406629383976e-01 0.000000000000000000e+00 0.000000000000000000e+00 0.000000000000000000e+00 1.000000000000000000e+00
9.999400703747916008e-01 -1.717737115247014185e-03 -1.081226331809312206e-02 3.016119559262708805e-02 1.773389826405366663e-03 9.999852191615835606e-01 5.139702995621350454e-03 5.386106788134448209e-04 1.080327484517917651e-02 -5.158569332915863281e-03 9.999283366397099249e-01 2.340141095836010265e-01 0.000000000000000000e+00 0.000000000000000000e+00 0.000000000000000000e+00 1.000000000000000000e+00
9.999570519658603773e-01 2.303321087932370254e-03 -8.977134047759335878e-03 4.392382832828767292e-02 -2.284338947840643987e-03 9.999951348172048116e-01 2.124179251336395617e-03 3.629742001214886216e-02 8.981983039225368420e-03 -2.103581205068107661e-03 9.999574485580857708e-01 2.002740596364951386e-01 0.000000000000000000e+00 0.000000000000000000e+00 0.000000000000000000e+00 1.000000000000000000e+00
9.999953905664942244e-01 1.428277178528558622e-03 -2.679341349274227610e-03 3.399102130742459593e-02 -1.431631353018083565e-03 9.999981935074168105e-01 -1.250365375444181847e-03 4.898197847819629747e-02 2.677550640733382913e-03 1.254195441049184420e-03 9.999956288486274714e-01 1.671350557336346299e-01 0.000000000000000000e+00 0.000000000000000000e+00 0.000000000000000000e+00 1.000000000000000000e+00
9.998957993695760660e-01 3.703397686780647959e-04 -1.443098234813732471e-02 4.703655654821725651e-01 -3.259374013563031119e-04 9.999952064175038347e-01 3.079108121559327380e-03 -8.035056426864017887e-02 1.443205348822241239e-02 -3.074083679666346665e-03 9.998911269941560542e-01 4.563672079483893640e-02 0.000000000000000000e+00 0.000000000000000000e+00 0.000000000000000000e+00 1.000000000000000000e+00
9.999592204568934495e-01 5.176510792182829369e-03 7.400078327995022673e-03 -2.474133352548113507e-02 -5.174072771120787929e-03 9.999865536461146620e-01 -3.485655252981932975e-04 7.689812497358383681e-02 -7.401783177126534247e-03 3.102627671742888907e-04 9.999725582948835179e-01 6.039272300155928974e-02 0.000000000000000000e+00 0.000000000000000000e+00 0.000000000000000000e+00 1.000000000000000000e+00
9.999693872172422671e-01 7.316525145385765214e-04 7.790334586583741970e-03 -6.561701928921426230e-02 -8.195033440846849699e-04 9.999360464952355976e-01 1.127968677522174501e-02 -8.590113425699552607e-02 -7.781583556191343752e-03 -1.128572567786616243e-02 9.999060352619549841e-01 1.929972031867421833e-02 0.000000000000000000e+00 0.000000000000000000e+00 0.000000000000000000e+00 1.000000000000000000e+00
9.999978782043807968e-01 1.356164775949929074e-03 -1.550614019308433830e-03 -1.530339050192175421e-03 -1.341639437121414308e-03 9.999555703361755477e-01 9.330453219145747393e-03 2.610760172584702943e-02 1.563198758048288655e-03 -9.328353056910923188e-03 9.999552681189736170e-01 1.388031930477033882e-01 0.000000000000000000e+00 0.000000000000000000e+00 0.000000000000000000e+00 1.000000000000000000e+00
9.999615749551457045e-01 1.328068344904434180e-03 -8.665151337152274258e-03 -3.763352859111535054e-02 -1.146441702858947255e-03 9.997802446282988420e-01 2.093198801836180026e-02 1.017432884958680006e-02 8.691046234282438082e-03 -2.092124961492880866e-02 9.997433505804894649e-01 -2.269942835513560908e-02 0.000000000000000000e+00 0.000000000000000000e+00 0.000000000000000000e+00 1.000000000000000000e+00
9.998487533641218228e-01 -1.878756325126659842e-03 -1.728990083494521754e-02 3.889042813449217206e-02 2.321704518146572045e-03 9.996686838770467709e-01 2.563458920411203212e-02 -3.614030020007952260e-02 1.723601126542509063e-02 -2.567085409961959025e-02 9.995218492686661627e-01 2.405742103468639925e-01 0.000000000000000000e+00 0.000000000000000000e+00 0.000000000000000000e+00 1.000000000000000000e+00
9.998823885587945215e-01 -3.459468541442477056e-04 -1.533262439159950585e-02 -4.427694624383882172e-02 6.870661365267433183e-04 9.997522407802367228e-01 2.224825824687481565e-02 5.255381304219230998e-02 1.532112887759262340e-02 -2.225617612416164529e-02 9.996348961667187449e-01 2.072567426451144001e-01 0.000000000000000000e+00 0.000000000000000000e+00 0.000000000000000000e+00 1.000000000000000000e+00
9.998000479924633588e-01 2.350904335213095143e-03 -1.985792746171153797e-02 1.128551641465773692e-01 -1.777903019244541673e-03 9.995829335143739947e-01 2.882356826717878337e-02 -8.088491290575650083e-03 1.991740683728888614e-02 -2.878249946764927306e-02 9.993872445800340287e-01 2.105770964672863954e-01 0.000000000000000000e+00 0.000000000000000000e+00 0.000000000000000000e+00 1.000000000000000000e+00
9.999101202250880727e-01 3.067932310065080593e-03 -1.305140846003670536e-02 -6.277595850619777096e-02 -2.753106009009921671e-03 9.997064372331985194e-01 2.407197045960599371e-02 6.788943279432491096e-02 1.312142822839847643e-02 -2.403387496526203024e-02 9.996250301865200472e-01 2.206871484935852834e-01 0.000000000000000000e+00 0.000000000000000000e+00 0.000000000000000000e+00 1.000000000000000000e+00
9.999045585178084616e-01 2.229797772278206604e-03 -1.363458313265167657e-02 -2.912453944580883913e-02 -1.932888883291116692e-03 9.997615571312733485e-01 2.175069706966865912e-02 6.045921574709689494e-02 1.367983171940707898e-02 -2.172226701673622001e-02 9.996704483577486533e-01 1.326825305773660091e-01 0.000000000000000000e+00 0.000000000000000000e+00 0.000000000000000000e+00 1.000000000000000000e+00
9.999039588246966259e-01 2.853158503714955658e-04 -1.385610773503608700e-02 -1.461948717023880961e-02 2.146768593591565511e-06 9.997848650998772957e-01 2.074183002079455287e-02 -3.503762989556946650e-02 1.385904477555306366e-02 -2.073986769691832724e-02 9.996888439738754739e-01 2.690301341036160920e-02 0.000000000000000000e+00 0.000000000000000000e+00 0.000000000000000000e+00 1.000000000000000000e+00
9.997842717910990773e-01 6.256842352813598088e-03 -1.980560029167660260e-02 2.028618921858171831e-01 -5.944970695272647557e-03 9.998580266429266672e-01 1.576654309431527873e-02 -2.072434736419603851e-03 1.990143719870431441e-02 -1.564539809287668337e-02 9.996795258061162981e-01 1.426039948661994572e-01 0.000000000000000000e+00 0.000000000000000000e+00 0.000000000000000000e+00 1.000000000000000000e+00
9.999403804019042497e-01 6.387840158874764571e-03 -8.856135714841409379e-03 1.155003253559323539e-01 -6.305916982922083955e-03 9.999373556779640460e-01 9.247709487508424045e-03 4.466817276952061988e-02 8.914653818265609597e-03 -9.191312086178191412e-03 9.999180210044396055e-01 1.359835502929982454e-01 0.000000000000000000e+00 0.000000000000000000e+00 0.000000000000000000e+00 1.000000000000000000e+00
9.999987467583569822e-01 1.324117556673031762e-03 -8.678677384377310238e-04 -6.995308801965549605e-02 -1.323210355624686611e-03 9.999985784770776265e-01 1.045063720007929952e-03 8.723316095435884598e-02 8.692502919633518380e-04 -1.043914038711743182e-03 9.999990773232791952e-01 1.272962796059502466e-01 0.000000000000000000e+00 0.000000000000000000e+00 0.000000000000000000e+00 1.000000000000000000e+00
9.999899455702025985e-01 8.678607691507442094e-04 -4.399497265436029536e-03 1.067267701548950676e-01 -8.661775050884516249e-04 9.999995509500865243e-01 3.844946748111212429e-04 -7.964291608775542208e-03 4.399828977686379497e-03 -3.806800633713870166e-04 9.999902482462799114e-01 -3.677866639045390684e-02 0.000000000000000000e+00 0.000000000000000000e+00 0.000000000000000000e+00 1.000000000000000000e+00
9.999986010303255624e-01 1.508429126121286091e-03 -7.228962327118684372e-04 6.995465551884416655e-02 -1.508771033840201371e-03 9.999987501016130986e-01 -4.726575705660601896e-04 -1.085315541959759322e-01 7.221823587189096436e-04 4.737475942288403986e-04 9.999996270078592708e-01 2.924210239175550896e-02 0.000000000000000000e+00 0.000000000000000000e+00 0.000000000000000000e+00 1.000000000000000000e+00
9.999966360483373284e-01 1.237460479215928780e-03 2.279601625633598770e-03 -6.377129570923523172e-02 -1.214924651686416675e-03 9.999506424637298885e-01 -9.860861750605584911e-03 -4.508399656823769419e-02 -2.291691536821066980e-03 9.858059034932297252e-03 9.999487820993452347e-01 -6.180020548355713572e-02 0.000000000000000000e+00 0.000000000000000000e+00 0.000000000000000000e+00 1.000000000000000000e+00
9.999922192376080599e-01 -2.590444574529721447e-03 2.975073301596565818e-03 -4.251163716621864097e-02 2.618784658753434483e-03 9.999508559036776045e-01 -9.561785628928809802e-03 -1.097644492777083425e-01 -2.950157818602391294e-03 9.569502307267675409e-03 9.999498593401754398e-01 -1.511777880583835554e-01 0.000000000000000000e+00 0.000000000000000000e+00 0.000000000000000000e+00 1.000000000000000000e+00
9.999791815677055995e-01 -3.591912786325947553e-03 5.360465811579904864e-03 -9.327783368318431911e-02 3.670359071959459433e-03 9.998852588043271039e-01 -1.469685987164473170e-02 -2.726510001498794189e-02 -5.307060906431518114e-03 1.471622874038401585e-02 9.998776263704454159e-01 -1.949982929991094238e-01 0.000000000000000000e+00 0.000000000000000000e+00 0.000000000000000000e+00 1.000000000000000000e+00
9.999897978062428638e-01 -4.411308062162423715e-03 -9.719282947360662235e-04 1.350271421109767722e-01 4.397061633753168719e-03 9.998894726806335509e-01 -1.420240372026813393e-02 3.311992405352304214e-02 1.034472048140337025e-03 1.419798519597802004e-02 9.998986684079324005e-01 -2.348679363505254969e-01 0.000000000000000000e+00 0.000000000000000000e+00 0.000000000000000000e+00 1.000000000000000000e+00
9.999346939471630558e-01 -1.143035615565776448e-03 1.137107340469540630e-02 -1.368358890566625519e-01 1.273906189071629010e-03 9.999329635418615636e-01 -1.150850057182078827e-02 -9.678981030818523124e-02 -1.135715650217377325e-02 1.152223467786100096e-02 9.998691179870560219e-01 2.684805108201828716e-01 0.000000000000000000e+00 0.000000000000000000e+00 0.000000000000000000e+00 1.000000000000000000e+00
9.999449592426360445e-01 -8.860596752877770640e-03 5.618568360875538653e-03 1.251837722696605981e-01 9.003900912562647421e-03 9.996210045836322333e-01 -2.601493731621421640e-02 -1.426936068831546889e-01 -5.385931080109851096e-03 2.606409446715333977e-02 9.996457646216522219e-01 -4.295294146122117240e-01 0.000000000000000000e+00 0.000000000000000000e+00 0.000000000000000000e+00 1.000000000000000000e+00
9.998642415404865869e-01 7.747840942501743079e-03 1.454198918295215685e-02 -1.664089688210446116e-01 -7.366976788370540631e-03 9.996331314884367991e-01 -2.606396139540476456e-02 5.617605084243626479e-02 -1.473859361224854302e-02 2.595329249538936775e-02 9.995545009988108243e-01 -2.033148897915992848e-01 0.000000000000000000e+00 0.000000000000000000e+00 0.000000000000000000e+00 1.000000000000000000e+00
9.999188198127195726e-01 9.620790756100019991e-04 1.270543931512060562e-02 4.780502890983995279e-02 -8.217165839549849578e-04 9.999386309529576522e-01 -1.104803646719176163e-02 -2.406266277600672687e-01 -1.271528867912924410e-02 1.103669931533060589e-02 9.998582463039594748e-01 -4.220420547412935264e-01 0.000000000000000000e+00 0.000000000000000000e+00 0.000000000000000000e+00 1.000000000000000000e+00
9.998396699229922246e-01 1.935664229591823118e-03 1.780133849664902387e-02 -4.745808619955349528e-02 -1.609534876351683633e-03 9.998309413130171963e-01 -1.831660969196757457e-02 -1.533989318557322790e-01 -1.783378383192437897e-02 1.828502111336903838e-02 9.996737538602881168e-01 -3.722293287371734039e-01 0.000000000000000000e+00 0.000000000000000000e+00 0.000000000000000000e+00 1.000000000000000000e+00
9.997840367229373637e-01 7.302386218897932886e-03 1.945649170580904253e-02 -8.852392062702074682e-02 -6.991837320404582952e-03 9.998478382262372399e-01 -1.598169594270409943e-02 -1.367739972412362892e-01 -1.957023568772650601e-02 1.584220785844247387e-02 9.996829649070232415e-01 -4.654029664269501154e-01 0.000000000000000000e+00 0.000000000000000000e+00 0.000000000000000000e+00 1.000000000000000000e+00
9.998553037508226549e-01 1.813104488420525006e-03 1.691402416529485392e-02 -8.247109837562416335e-02 -1.427183454257815879e-03 9.997390078540379088e-01 -2.280086231728632035e-02 1.779383166853102383e-01 -1.695095008363842887e-02 2.277342370259737708e-02 9.995969370021718925e-01 -2.708077405714170993e-01 0.000000000000000000e+00 0.000000000000000000e+00 0.000000000000000000e+00 1.000000000000000000e+00
9.998154419957467898e-01 8.651707689885962393e-03 1.715313093573035685e-02 -1.125467352352682582e-01 -8.618875162333509282e-03 9.999608824714943944e-01 -1.987087760062583846e-03 -1.811732331674211771e-01 -1.716965165009622790e-02 1.838880332933089719e-03 9.998508996752143441e-01 -5.459753978817865061e-01 0.000000000000000000e+00 0.000000000000000000e+00 0.000000000000000000e+00 1.000000000000000000e+00
9.999799038195096301e-01 -8.682058324982359692e-04 6.279982146208845303e-03 1.012597047466632511e-01 9.096445365622017132e-04 9.999778146411927304e-01 -6.598694737708152812e-03 -1.904652699903484070e-01 -6.274113797293475597e-03 6.604274680596710322e-03 9.999585086652355015e-01 -3.621115810928046130e-01 0.000000000000000000e+00 0.000000000000000000e+00 0.000000000000000000e+00 1.000000000000000000e+00
9.999711714548344954e-01 -4.294895652560561106e-03 6.261799308479769691e-03 4.457918749102107725e-02 4.389760974279203684e-03 9.998745991138059397e-01 -1.521565133651699847e-02 9.187189382994742637e-02 -6.195664438521233247e-03 1.524270049365835517e-02 9.998646277490897960e-01 -2.074768592445295212e-01 0.000000000000000000e+00 0.000000000000000000e+00 0.000000000000000000e+00 1.000000000000000000e+00
9.998871144868523020e-01 6.603146916702488066e-03 1.349654525990600339e-02 -1.384146241297432578e-01 -6.531877564565763232e-03 9.999645269456844954e-01 -5.317840329954881887e-03 -7.445981850620064790e-02 -1.353118097720118658e-02 5.229082241638071879e-03 9.998947763841314895e-01 -3.333446207488215407e-01 0.000000000000000000e+00 0.000000000000000000e+00 0.000000000000000000e+00 1.000000000000000000e+00
9.999939294327611083e-01 1.913370442956839298e-04 3.479150436749230395e-03 4.092524869874702986e-02 -1.737108225514538858e-04 9.999871534640517590e-01 -5.065839655300615786e-03 -1.295694736798911340e-01 -3.480075024504596711e-03 5.065204536696218084e-03 9.999811162121139407e-01 -3.222989371701672212e-01 0.000000000000000000e+00 0.000000000000000000e+00 0.000000000000000000e+00 1.000000000000000000e+00
9.999911572587558695e-01 3.307013303209528372e-03 2.597896708218840923e-03 -4.508944931981595516e-02 -3.276103445784930065e-03 9.999248511036648024e-01 -1.181352155482644391e-02 8.228508506601628358e-02 -2.636768952087988581e-03 1.180490611255456505e-02 9.999268431446207694e-01 -2.171085274939024146e-01 0.000000000000000000e+00 0.000000000000000000e+00 0.000000000000000000e+00 1.000000000000000000e+00
9.999978505022676378e-01 1.148007285935965160e-03 1.726577573066525413e-03 1.304491207047364654e-02 -1.140071354402404221e-03 9.999888145437217934e-01 -4.590318589029225051e-03 -4.444003767896587132e-02 -1.731827979693543974e-03 4.588340300517620117e-03 9.999879738802539553e-01 -2.397187490880128280e-01 0.000000000000000000e+00 0.000000000000000000e+00 0.000000000000000000e+00 1.000000000000000000e+00
9.999983260765381576e-01 1.680142165763073544e-03 -7.245456675770167200e-04 2.119751662344171450e-02 -1.685798960184675547e-03 9.999675412319861678e-01 -7.878741290455187549e-03 7.136656836595034470e-02 7.112847442620449673e-04 7.879949540378300074e-03 9.999686997447738701e-01 -1.997128735247208908e-01 0.000000000000000000e+00 0.000000000000000000e+00 0.000000000000000000e+00 1.000000000000000000e+00
